MEMORY
  total            17.1 MB
  struct          159.0 KB
  buffer            2.0 MB
  arena            15.0 MB, used 0.0%

SIZES
  narena                15728640
  nbuffer               2059248
  nplugin               0
  maxuse_stack          6496
  maxuse_arena          6496
  maxuse_con            0
  maxuse_efc            0
  ncon                  0
  ne                    0
  nf                    0
  nl                    0
  nefc                  0
  nJ                    0
  nA                    0
  nisland               0
  threadpool            0

TIMER
    0:  duration =  0          number = 0
    1:  duration =  1.1        number = 13
    2:  duration =  0          number = 0
    3:  duration =  1.1        number = 13
    4:  duration =  0.033      number = 13
    5:  duration =  0.0063     number = 13
    6:  duration =  0.00095    number = 13
    7:  duration =  0          number = 0
    8:  duration =  0.13       number = 13
    9:  duration =  0.071      number = 26
    10:  duration =  0.85       number = 13
    11:  duration =  0.014      number = 13
    12:  duration =  0.00087    number = 13
    13:  duration =  0.055      number = 13
    14:  duration =  0.00061    number = 13

ENERGY =   0         0       

TIME =  0       

QPOS
   0       
   0       
   0.55    
   1       
   0       
   0       
   0       
   0       
   0       
   0       
   0       
   0       
   0       
   0       
   0       
   0       
   0       
   0       
   0       
   0       
   0       
   0       
   0       
   0       
   0       
   0       
   0       
   0       
   0       
   0       
   0       
   0       
   0       
   0       

QVEL
   0       
   0       
   0       
   0       
   0       
   0       
   0       
   0       
   0       
   0       
   0       
   0       
   0       
   0       
   0       
   0       
   0       
   0       
   0       
   0       
   0       
   0       
   0       
   0       
   0       
   0       
   0       
   0       
   0       
   0       
   0       
   0       
   0       

QACC_WARMSTART
   1.1e-15 
   4.6e-16 
  -9.8     
   2.8e-15 
  -7.3e-15 
  -1.5e-15 
   3.3e-15 
   1.1e-14 
  -5.7e-15 
  -1.6e-15 
  -4.4e-16 
   3.2e-14 
   1.2e-14 
  -3.6e-15 
   2e-15   
   8.9e-16 
   2.5e-14 
   6.4e-15 
   1.1e-13 
   9e-14   
  -3.6e-14 
  -8.5e-14 
  -2.2e-14 
   7.1e-14 
  -2.6e-13 
   7.4e-13 
  -2.8e-14 
  -4.3e-14 
   2.8e-13 
   5e-15   
  -2.3e-13 
   9.4e-13 
  -1.1e-12 

CTRL
   0       
   0       
   0       
   0       
   0       
   0       
   0       
   0       
   0       
   0       
   0       
   0       
   0       
   0       
   0       
   0       
   0       
   0       
   0       
   0       
   0       
   0       
   0       
   0       
   0       
   0       
   0       

QFRC_APPLIED
   0       
   0       
   0       
   0       
   0       
   0       
   0       
   0       
   0       
   0       
   0       
   0       
   0       
   0       
   0       
   0       
   0       
   0       
   0       
   0       
   0       
   0       
   0       
   0       
   0       
   0       
   0       
   0       
   0       
   0       
   0       
   0       
   0       

XFRC_APPLIED
   0         0         0         0         0         0       
   0         0         0         0         0         0       
   0         0         0         0         0         0       
   0         0         0         0         0         0       
   0         0         0         0         0         0       
   0         0         0         0         0         0       
   0         0         0         0         0         0       
   0         0         0         0         0         0       
   0         0         0         0         0         0       
   0         0         0         0         0         0       
   0         0         0         0         0         0       
   0         0         0         0         0         0       
   0         0         0         0         0         0       
   0         0         0         0         0         0       
   0         0         0         0         0         0       
   0         0         0         0         0         0       
   0         0         0         0         0         0       
   0         0         0         0         0         0       
   0         0         0         0         0         0       
   0         0         0         0         0         0       
   0         0         0         0         0         0       
   0         0         0         0         0         0       
   0         0         0         0         0         0       
   0         0         0         0         0         0       
   0         0         0         0         0         0       
   0         0         0         0         0         0       
   0         0         0         0         0         0       
   0         0         0         0         0         0       
   0         0         0         0         0         0       
   0         0         0         0         0         0       
   0         0         0         0         0         0       
   0         0         0         0         0         0       
   0         0         0         0         0         0       

QACC
   1.1e-15 
   4.6e-16 
  -9.8     
   2.8e-15 
  -7.3e-15 
  -1.5e-15 
   3.3e-15 
   1.1e-14 
  -5.7e-15 
  -1.6e-15 
  -4.4e-16 
   3.2e-14 
   1.2e-14 
  -3.6e-15 
   2e-15   
   8.9e-16 
   2.5e-14 
   6.4e-15 
   1.1e-13 
   9e-14   
  -3.6e-14 
  -8.5e-14 
  -2.2e-14 
   7.1e-14 
  -2.6e-13 
   7.4e-13 
  -2.8e-14 
  -4.3e-14 
   2.8e-13 
   5e-15   
  -2.3e-13 
   9.4e-13 
  -1.1e-12 

SENSOR
   0       
   0       
   0.55    
   1       
   0       
   0       
   0       
   0       
   0       
   0       
   0       
   0       
   0       
   0       
   0       
   0       

XPOS
   0         0         0       
   0         0         0.55    
   0         0         0.55    
   0         0.069     0.5     
   0.033     0.096     0.44    
   0.002     0.096     0.31    
  -0.027     0.062     0.22    
  -0.027     0.12      3.8e-09 
   0.009     0.095    -0.093   
   0        -0.069     0.5     
   0.033    -0.096     0.44    
   0.002    -0.096     0.31    
  -0.027    -0.062     0.22    
  -0.027    -0.12      3.8e-09 
   0.009    -0.095    -0.093   
   0.01      0.052     0.6     
   0.0036    0         0.86    
   0.013     0.022     0.91    
   0.071     0         0.93    
   0         0.099     0.83    
   0.027     0.15      0.84    
   3.5e-18   0.27      0.84    
   0.018     0.34      0.81    
   0.0023    0.44      0.84    
  -0.02      0.47      0.84    
  -0.021     0.51      0.84    
   0        -0.099     0.83    
   0.027    -0.15      0.84    
   3.5e-18  -0.27      0.84    
   0.018    -0.34      0.86    
   0.004    -0.44      0.84    
   0.026    -0.47      0.84    
   0.026    -0.51      0.84    

XQUAT
   1         0         0         0       
   1         0         0         0       
   1         0         0         0       
   0.98     -0.22      0         0       
   1         0         0         0       
   1         0         0         0       
   1         0         0         0       
   1         0         0         0       
   1         0         0         0       
   0.98      0.22      0         0       
   1         0         0         0       
   1         0         0         0       
   1         0         0         0       
   1         0         0         0       
   1         0         0         0       
  -1.7e-07   0         0         1       
   1         0         0         0       
   1         0         0         0       
   1         0         0         0       
   1         0.052     0         0       
   1         0         0         0       
   1         0         0         0       
   1         0         0         0       
   1         0         0         0       
   1         0         0         0       
   1         0         0         0       
   1        -0.052     0         0       
   1         0         0         0       
   1         0         0         0       
   1         0         0         0       
   1         0         0         0       
   1         0         0         0       
   1         0         0         0       

XMAT
   1         0         0         0         1         0         0         0         1       
   1         0         0         0         1         0         0         0         1       
   1         0         0         0         1         0         0         0         1       
   1        -0         0         0         0.91      0.42     -0        -0.42      0.91    
   1         0         0         0         1         0         0         0         1       
   1         0         0         0         1         0         0         0         1       
   1         0         0         0         1         0         0         0         1       
   1         0         0         0         1         0         0         0         1       
   1         0         0         0         1         0         0         0         1       
   1         0         0         0         0.91     -0.42      0         0.42      0.91    
   1         0         0         0         1         0         0         0         1       
   1         0         0         0         1         0         0         0         1       
   1         0         0         0         1         0         0         0         1       
   1         0         0         0         1         0         0         0         1       
   1         0         0         0         1         0         0         0         1       
  -1         3.5e-07   0        -3.5e-07  -1         0         0         0         1       
   1         0         0         0         1         0         0         0         1       
   1         0         0         0         1         0         0         0         1       
   1         0         0         0         1         0         0         0         1       
   1         0         0         0         0.99     -0.1       0         0.1       0.99    
   1         0         0         0         1         0         0         0         1       
   1         0         0         0         1         0         0         0         1       
   1         0         0         0         1         0         0         0         1       
   1         0         0         0         1         0         0         0         1       
   1         0         0         0         1         0         0         0         1       
   1         0         0         0         1         0         0         0         1       
   1        -0         0         0         0.99      0.1      -0        -0.1       0.99    
   1         0         0         0         1         0         0         0         1       
   1         0         0         0         1         0         0         0         1       
   1         0         0         0         1         0         0         0         1       
   1         0         0         0         1         0         0         0         1       
   1         0         0         0         1         0         0         0         1       
   1         0         0         0         1         0         0         0         1       

XIPOS
   0         0         0       
  -0.0073    0.0015    0.72    
  -0.0011    0.0006    0.52    
  -0.0015    0.094     0.45    
   0.0031    0.096     0.36    
  -0.021     0.096     0.23    
  -0.025     0.091     0.055   
  -0.0081    0.1      -0.056   
   0.009     0.095    -0.088   
   0.0017   -0.093     0.45    
   0.0031   -0.096     0.36    
  -0.021    -0.096     0.23    
  -0.025    -0.091     0.055   
  -0.0081   -0.1      -0.056   
   0.009    -0.095    -0.088   
   0.01      0.052     0.6     
   0.0061    0.00083   0.89    
   0.042     0.00056   0.93    
   0.071     0         0.93    
   0.00094   0.14      0.84    
   0.00079   0.2       0.84    
   0.0051    0.31      0.83    
   0.011     0.37      0.84    
   0.0028    0.45      0.84    
  -0.00079   0.5       0.83    
   0.00074   0.55      0.85    
   0.00094  -0.14      0.84    
   0.00076  -0.2       0.84    
   0.0051   -0.31      0.84    
   0.011    -0.37      0.84    
   0.0048   -0.45      0.84    
   0.0066   -0.5       0.83    
   0.0038   -0.55      0.85    

XIMAT
   1         0         0         0         1         0         0         0         1       
   1        -0.00022  -0.068    -0.0016    1        -0.027     0.068     0.027     1       
   1         0         0         0         1         0         0         0         1       
   1        -0         0         0         0.91      0.42     -0        -0.42      0.91    
   1         0         0         0         1         0         0         0         1       
   1         0         0         0         1         0         0         0         1       
   1         0         0         0         1         0         0         0         1       
   1         0         0         0         1         0         0         0         1       
   1         0         0         0         1         0         0         0         1       
   1         0         0         0         0.91     -0.42      0         0.42      0.91    
   1         0         0         0         1         0         0         0         1       
   1         0         0         0         1         0         0         0         1       
   1         0         0         0         1         0         0         0         1       
   1         0         0         0         1         0         0         0         1       
   1         0         0         0         1         0         0         0         1       
  -1         3.5e-07   0        -3.5e-07  -1         0         0         0         1       
   1         0         0         0         1         0         0         0         1       
   1         0         0         0         1         0         0         0         1       
   1         0         0         0         1         0         0         0         1       
   1         0         0         0         0.99     -0.1       0         0.1       0.99    
   1         0         0         0         1         0         0         0         1       
   1         0         0         0         1         0         0         0         1       
   1         0         0         0         1         0         0         0         1       
   1         0         0         0         1         0         0         0         1       
   1         0         0         0         1         0         0         0         1       
   1         0         0         0         1         0         0         0         1       
   1        -0         0         0         0.99      0.1      -0        -0.1       0.99    
   1         0         0         0         1         0         0         0         1       
   1         0         0         0         1         0         0         0         1       
   1         0         0         0         1         0         0         0         1       
   1         0         0         0         1         0         0         0         1       
   1         0         0         0         1         0         0         0         1       
   1         0         0         0         1         0         0         0         1       

XANCHOR
   0         0         0.55    
   0         0         0.55    
   0         0.069     0.5     
   0.033     0.096     0.44    
   0.002     0.096     0.31    
  -0.027     0.062     0.22    
  -0.027     0.12      3.8e-09 
   0        -0.069     0.5     
   0.033    -0.096     0.44    
   0.002    -0.096     0.31    
  -0.027    -0.062     0.22    
  -0.027    -0.12      3.8e-09 
   0.0036    0         0.86    
   0.013     0.022     0.91    
   0         0.099     0.83    
   0.027     0.15      0.84    
   3.5e-18   0.27      0.84    
   0.018     0.34      0.81    
   0.0023    0.44      0.84    
  -0.02      0.47      0.84    
  -0.021     0.51      0.84    
   0        -0.099     0.83    
   0.027    -0.15      0.84    
   3.5e-18  -0.27      0.84    
   0.018    -0.34      0.86    
   0.004    -0.44      0.84    
   0.026    -0.47      0.84    
   0.026    -0.51      0.84    

XAXIS
   0         0         1       
   0         0         1       
   0         0.91     -0.42    
   1         0         0       
   0         0         1       
   0         1         0       
   0         1         0       
   0         0.91      0.42    
   1         0         0       
   0         0         1       
   0         1         0       
   0         1         0       
   0         0         1       
   0         1         0       
   0         0.99      0.1     
   1         0         0       
   0         1         0       
   0         0         1       
   0         1         0       
   1         0         0       
   1         0         0       
   0         0.99     -0.1     
   1         0         0       
   0         1         0       
   0         0         1       
   0         1         0       
   1         0         0       
   1         0         0       

GEOM_XPOS
  -0.0073    0.0015    0.72    
  -0.0072    0.0014    0.72    
  -0.0015    0.0013    0.52    
  -0.0015    0.0013    0.52    
  -0.0031    0.095     0.45    
  -0.0031    0.095     0.45    
   0.0015    0.096     0.37    
   0.0015    0.096     0.37    
  -0.02      0.098     0.24    
  -0.02      0.098     0.24    
  -0.025     0.096     0.093   
  -0.025     0.096     0.093   
  -0.0073    0.1      -0.054   
  -0.0038    0.095    -0.08    
  -0.0073    0.1      -0.054   
   0.0012   -0.095     0.45    
   0.0012   -0.095     0.45    
   0.0015   -0.096     0.37    
   0.0015   -0.096     0.37    
  -0.02     -0.098     0.23    
  -0.02     -0.098     0.23    
  -0.025    -0.095     0.093   
  -0.025    -0.095     0.093   
  -0.0073   -0.1      -0.055   
  -0.0038   -0.096    -0.08    
  -0.0073   -0.1      -0.055   
   0.0072    0.00022   0.89    
   0.0072    0.00022   0.89    
   0.033    -3.8e-05   0.94    
   0.034    -2.9e-05   0.94    
   0.00038   0.15      0.84    
   0.00038   0.15      0.84    
   0.00054   0.2       0.84    
   0.00054   0.2       0.84    
   0.0081    0.32      0.84    
   0.0081    0.32      0.84    
   0.01      0.37      0.84    
   0.01      0.37      0.84    
   0.0024    0.45      0.84    
   0.0024    0.45      0.84    
   0.0012    0.51      0.83    
   0.00032   0.56      0.81    
   0.00017   0.57      0.82    
   0.0012    0.51      0.83    
   0.0009    0.56      0.85    
  -4.4e-05   0.57      0.85    
  -8.9e-05   0.57      0.84    
   0.0009    0.56      0.85    
   0.00036  -0.15      0.84    
   0.00036  -0.15      0.84    
   0.00053  -0.2       0.84    
   0.00053  -0.2       0.84    
   0.0081   -0.32      0.84    
   0.0081   -0.32      0.84    
   0.011    -0.37      0.84    
   0.011    -0.37      0.84    
   0.0044   -0.45      0.84    
   0.0044   -0.45      0.84    
   0.0041   -0.51      0.83    
   0.0039   -0.56      0.81    
   0.0038   -0.57      0.82    
   0.0041   -0.51      0.83    
   0.0035   -0.56      0.85    
   0.004    -0.57      0.85    
   0.004    -0.57      0.84    
   0.0035   -0.56      0.85    

GEOM_XMAT
   1        -0.0006   -0.068    -0.0014    1        -0.03      0.068     0.03      1       
   1         0.0001   -0.068    -0.0018    1        -0.025     0.068     0.025     1       
   0.7      -0.71      0.032     0.016    -0.029    -1         0.71      0.7      -0.0087  
   0.7      -0.71      0.032     0.016    -0.029    -1         0.71      0.7      -0.0087  
   1        -0.024     0.048     0.033     0.98     -0.2      -0.042     0.2       0.98    
   1        -0.024     0.048     0.033     0.98     -0.2      -0.042     0.2       0.98    
  -0.00095  -1        -0.072     1        -0.00094  -0.00023   0.00016  -0.072     1       
  -0.00095  -1        -0.072     1        -0.00094  -0.00023   0.00016  -0.072     1       
   0.022    -0.89      0.46      1         0.0089   -0.03      0.022     0.46      0.89    
   0.022    -0.89      0.46      1         0.0089   -0.03      0.022     0.46      0.89    
   0.042    -1         0.01      1         0.042     0.0082   -0.0087    0.0098    1       
   0.042    -1         0.01      1         0.042     0.0082   -0.0087    0.0098    1       
   0.0042    0.2       0.98      0.88      0.46     -0.098    -0.47      0.87     -0.18    
  -0.00064   0.00078   1        -0.00012  -1         0.00078   1        -0.00012   0.00064 
   0.0042    0.2       0.98      0.88      0.46     -0.098    -0.47      0.87     -0.18    
   1         0.023    -0.018    -0.019     0.98      0.19      0.022    -0.19      0.98    
   1         0.023    -0.018    -0.019     0.98      0.19      0.022    -0.19      0.98    
  -0.0003   -1        -0.072     1        -0.00029  -0.0001    8.1e-05  -0.072     1       
  -0.0003   -1        -0.072     1        -0.00029  -0.0001    8.1e-05  -0.072     1       
  -0.023    -0.89      0.46      1        -0.01      0.031    -0.023     0.46      0.89    
  -0.023    -0.89      0.46      1        -0.01      0.031    -0.023     0.46      0.89    
  -0.017    -1         0.01      1        -0.018    -0.0042    0.0044    0.01      1       
  -0.017    -1         0.01      1        -0.018    -0.0042    0.0044    0.01      1       
  -0.004     0.2       0.98      0.88     -0.46      0.097     0.47      0.87     -0.17    
  -0.00064   0.00078   1        -0.00012  -1         0.00078   1        -0.00012   0.00064 
  -0.004     0.2       0.98      0.88     -0.46      0.097     0.47      0.87     -0.17    
   0.74      0.67     -0.0084    0.0026   -0.015    -1        -0.67      0.74     -0.013   
   0.74      0.67     -0.0084    0.0026   -0.015    -1        -0.67      0.74     -0.013   
  -0.17     -0.99     -0.00058   0.00057   0.00049  -1         0.99     -0.17      0.00048 
  -0.2      -0.98      3.4e-05   0.00041  -0.00012  -1         0.98     -0.2       0.00042 
   0.00065   0.0091    1        -0.11     -0.99      0.0091    0.99     -0.11      0.00031 
   0.00065   0.0091    1        -0.11     -0.99      0.0091    0.99     -0.11      0.00031 
   1        -0.016     0.0075    0.0074   -0.00016  -1         0.016     1        -4.1e-05 
   1        -0.016     0.0075    0.0074   -0.00016  -1         0.016     1        -4.1e-05 
   0.9       0.41      0.12     -0.43      0.86      0.28      0.0071   -0.3       0.95    
   0.9       0.41      0.12     -0.43      0.86      0.28      0.0071   -0.3       0.95    
   0.033    -0.97      0.24     -0.0027   -0.24     -0.97      1         0.031    -0.01    
   0.033    -0.97      0.24     -0.0027   -0.24     -0.97      1         0.031    -0.01    
  -0.0056    0.073     1         0.14     -0.99      0.073     0.99      0.14     -0.0047  
  -0.0056    0.073     1         0.14     -0.99      0.073     0.99      0.14     -0.0047  
   1        -0.014     0.017     0.02      0.23     -0.97      0.0099    0.97      0.23    
   0.02     -1         0.015    -0.0083   -0.015    -1         1         0.02     -0.0086  
   0        -1         0.017     0.074    -0.017    -1         1         0.0013    0.074   
   1        -0.014     0.017     0.02      0.23     -0.97      0.0099    0.97      0.23    
   0.056    -1         0.064     0.016    -0.064    -1         1         0.057     0.013   
  -0.0056   -1         0.017     0.32     -0.018    -0.95      0.95      0.00019   0.32    
  -0.0037   -1         0.016     0.18     -0.016    -0.98      0.98     -0.0008    0.18    
   0.056    -1         0.064     0.016    -0.064    -1         1         0.057     0.013   
   0.00094  -0.009     1         0.11     -0.99     -0.009     0.99      0.11      1.2e-05 
   0.00094  -0.009     1         0.11     -0.99     -0.009     0.99      0.11      1.2e-05 
   1        -0.0051   -0.0073   -0.0073   -0.0045   -1         0.0051    1        -0.0045  
   1        -0.0051   -0.0073   -0.0073   -0.0045   -1         0.0051    1        -0.0045  
   0.9      -0.41     -0.12      0.43      0.86      0.28     -0.0064   -0.3       0.95    
   0.9      -0.41     -0.12      0.43      0.86      0.28     -0.0064   -0.3       0.95    
  -0.011    -0.98     -0.22     -0.014     0.22     -0.98      1        -0.0081   -0.016   
  -0.011    -0.98     -0.22     -0.014     0.22     -0.98      1        -0.0081   -0.016   
  -0.003    -0.038     1        -0.15     -0.99     -0.038     0.99     -0.15     -0.0029  
  -0.003    -0.038     1        -0.15     -0.99     -0.038     0.99     -0.15     -0.0029  
   1        -0.016    -0.0092   -0.013    -0.23     -0.97      0.013     0.97     -0.23    
  -0.02     -1        -0.0025    0.0086    0.0023   -1         1        -0.02      0.0086  
  -2.8e-17  -1        -0.00021  -0.074     0.00021  -1         1         1.5e-05  -0.074   
   1        -0.016    -0.0092   -0.013    -0.23     -0.97      0.013     0.97     -0.23    
  -0.041    -1         0.03     -0.021    -0.029    -1         1        -0.042    -0.02    
  -5.6e-17  -1         0.0004   -0.32     -0.00038  -0.95      0.95     -0.00013  -0.32    
   0.00061  -1        -0.0011   -0.18      0.001    -0.98      0.98      0.0008   -0.18    
  -0.041    -1         0.03     -0.021    -0.029    -1         1        -0.042    -0.02    

SITE_XPOS
   0         0         0.55    

SITE_XMAT
   1         0         0         0         1         0         0         0         1       

CAM_XPOS
   0         2         1       
  -2         0         1       

CAM_XMAT
  -1        -2.5e-32   1.2e-16   1.2e-16  -2.2e-16   1         0         1         2.2e-16 
  -2.2e-16   2.2e-16  -1        -1         0         2.2e-16   0         1         2.2e-16 

SUBTREE_COM
  -0.0063    0.0013    0.68    
  -0.0063    0.0013    0.68    
  -0.0097    0.0013    0.28    
  -0.012     0.095     0.24    
  -0.015     0.095     0.18    
  -0.021     0.095     0.11    
  -0.021     0.094     0.032   
  -0.0081    0.1      -0.056   
   0.009     0.095    -0.088   
  -0.011    -0.095     0.23    
  -0.015    -0.095     0.18    
  -0.021    -0.095     0.11    
  -0.021    -0.094     0.032   
  -0.0081   -0.1      -0.056   
   0.009    -0.095    -0.088   
   0.01      0.052     0.6     
   0.04      0.00058   0.93    
   0.042     0.00056   0.93    
   0.071     0         0.93    
   0.0037    0.33      0.84    
   0.0038    0.34      0.84    
   0.0057    0.42      0.84    
   0.0057    0.43      0.84    
  -3.1e-05   0.5       0.84    
  -0.0004    0.51      0.84    
   0.00074   0.55      0.85    
   0.0053   -0.33      0.84    
   0.0055   -0.34      0.84    
   0.0083   -0.42      0.84    
   0.0087   -0.43      0.84    
   0.0058   -0.5       0.84    
   0.0059   -0.51      0.84    
   0.0038   -0.55      0.85    

CDOF
   0         0         0         1         0         0       
   0         0         0         0         1         0       
   0         0         0         0         0         1       
   1         0         0         0        -0.13      0.0013  
   0         1         0         0.13     -0         0.0063  
   0         0         1        -0.0013   -0.0063    0       
   0         0         1        -0.0013   -0.0063    0       
   0         0.91     -0.42      0.14      0.0027    0.0057  
   1         0         0         0        -0.24     -0.095   
   0         0         1         0.095    -0.0083    0       
   0         1         0         0.46      0        -0.021   
   0         1         0         0.68      0        -0.021   
   0         0.91      0.42      0.14     -0.0027    0.0057  
   1         0         0         0        -0.24      0.097   
   0         0         1        -0.097    -0.0083    0       
   0         1         0         0.46      0        -0.021   
   0         1         0         0.68      0        -0.021   
   0         0         1        -0.0013   -0.0099    0       
   0         1         0        -0.22      0         0.019   
   0         0.99      0.1      -0.14     -0.00066   0.0063  
   1         0         0         0         0.16     -0.15    
   0         1         0        -0.16      0         0.0063  
   0         0         1         0.34     -0.024     0       
   0         1         0        -0.16      0         0.0087  
   1         0         0         0         0.16     -0.47    
   1         0         0         0         0.16     -0.51    
   0         0.99     -0.1      -0.14      0.00066   0.0063  
   1         0         0        -0         0.16      0.15    
   0         1         0        -0.16      0         0.0063  
   0         0         1        -0.34     -0.024     0       
   0         1         0        -0.16      0         0.01    
   1         0         0        -0         0.16      0.47    
   1         0         0        -0         0.16      0.51    

CINERT
   0         0         0         0         0         0         0         0         0         0       
   0.69      0.59      0.27     -0.00052   0.023     0.0047   -0.068     0.013     3         73      
   0.052     0.051     0.0038    6.3e-06   0.0015   -0.0002    0.0093   -0.0012   -0.29      1.8     
   0.062     0.054     0.0092   -0.00043   0.0011    0.021     0.0046    0.089    -0.23      0.97    
   0.1       0.095     0.0088   -0.00079   0.0027    0.027     0.0083    0.084    -0.29      0.88    
   0.2       0.19      0.0094    0.0013   -0.0062    0.04     -0.014     0.089    -0.42      0.94    
   0.47      0.47      0.011     0.0019   -0.013     0.066    -0.022     0.11     -0.73      1.2     
   0.18      0.17      0.0039    5.7e-05  -0.00042   0.024    -0.00057   0.032    -0.23      0.32    
   0.0006    0.00059   1e-05    -1.4e-06   1.2e-05   7.3e-05   1.5e-05   9.4e-05  -0.00077   0.001   
   0.054     0.047     0.0083    0.00064   0.0016   -0.019     0.0068   -0.08     -0.2       0.84    
   0.1       0.095     0.0092    0.00081   0.0027   -0.028     0.0083   -0.086    -0.29      0.88    
   0.2       0.19      0.0099   -0.0013   -0.0062   -0.041    -0.014    -0.091    -0.42      0.94    
   0.48      0.47      0.011    -0.002    -0.013    -0.068    -0.022    -0.11     -0.73      1.2     
   0.18      0.17      0.0041   -5.9e-05  -0.00042  -0.024    -0.00057  -0.033    -0.23      0.32    
   0.0006    0.00059   1.1e-05   1.5e-06   1.2e-05  -7.5e-05   1.5e-05  -9.7e-05  -0.00077   0.001   
   1.1e-05   8.3e-06   3.8e-06  -8.4e-07   1.4e-06   4.3e-06   1.7e-05   5.1e-05  -8.4e-05   0.001   
   0.0028    0.0028    4.9e-05   3.6e-07  -0.00017   6e-06     0.00081  -2.9e-05   0.014     0.066   
   0.061     0.062     0.0054    3.2e-05  -0.011     0.00017   0.045    -0.00067   0.23      0.93    
   6.5e-05   7.1e-05   7e-06     9.9e-08  -2e-05     3.2e-07   7.7e-05  -1.3e-06   0.00025   0.001   
   0.0064    0.0037    0.0029   -0.00015  -0.00017  -0.0031    0.0011    0.02      0.023     0.15    
   0.062     0.023     0.04     -0.0013   -0.001    -0.029     0.0066    0.19      0.14      0.92    
   0.02      0.004     0.016    -0.00058  -0.00029  -0.0077    0.0019    0.05      0.025     0.16    
   0.12      0.018     0.1      -0.0047   -0.002    -0.042     0.013     0.27      0.12      0.74    
   0.017     0.0019    0.015    -0.00031  -0.00011  -0.0053    0.00068   0.033     0.012     0.074   
   0.12      0.01      0.11     -0.0012   -0.00036  -0.032     0.0024    0.21      0.065     0.43    
   0.049     0.0043    0.044    -0.00057  -0.00018  -0.014     0.001     0.081     0.025     0.15    
   0.0065    0.0037    0.003     0.00015  -0.00017   0.0032    0.0011   -0.021     0.023     0.15    
   0.063     0.023     0.041     0.0013   -0.001     0.029     0.0066   -0.19      0.14      0.92    
   0.02      0.0043    0.016     0.00058  -0.0003    0.0081    0.0019   -0.051     0.026     0.16    
   0.12      0.019     0.1       0.0048   -0.002     0.043     0.013    -0.27      0.12      0.74    
   0.016     0.0018    0.014     0.00035  -0.00012   0.0049    0.00077  -0.031     0.011     0.069   
   0.12      0.011     0.11      0.0029   -0.00087   0.034     0.0058   -0.22      0.068     0.45    
   0.049     0.0043    0.045     0.00082  -0.00025   0.014     0.0015   -0.081     0.025     0.15    

ACTUATOR_LENGTH
   0       
   0       
   0       
   0       
   0       
   0       
   0       
   0       
   0       
   0       
   0       
   0       
   0       
   0       
   0       
   0       
   0       
   0       
   0       
   0       
   0       
   0       
   0       
   0       
   0       
   0       
   0       

actuator_moment
-----------------------------------
       x                           |
        x                          |
         x                         |
          x                        |
           x                       |
            x                      |
             x                     |
              x                    |
               x                   |
                x                  |
                 x                 |
                  x                |
                   x               |
                    x              |
                     x             |
                      x            |
                       x           |
                        x          |
                         x         |
                          x        |
                           x       |
                            x      |
                             x     |
                              x    |
                               x   |
                                x  |
                                 x |
-----------------------------------

ACTUATOR_MOMENT
     6:  1       
     7:  1       
     8:  1       
     9:  1       
    10:  1       
    11:  1       
    12:  1       
    13:  1       
    14:  1       
    15:  1       
    16:  1       
    17:  1       
    18:  1       
    19:  1       
    20:  1       
    21:  1       
    22:  1       
    23:  1       
    24:  1       
    25:  1       
    26:  1       
    27:  1       
    28:  1       
    29:  1       
    30:  1       
    31:  1       
    32:  1       

CRB
   0         0         0         0         0         0         0         0         0         0       
   3.6       2.8       1         0.0018   -0.028     0.0053    6.2e-17   2.6e-16   2.7e-15   90      
   2.1       2         0.089     0.00015  -0.031    -0.0023   -0.035    -0.00029  -4.1       10      
   1         0.98      0.042     0.0021   -0.016     0.18     -0.023     0.4      -1.9       4.3     
   0.95      0.93      0.033     0.0025   -0.017     0.16     -0.028     0.31     -1.7       3.3     
   0.85      0.83      0.024     0.0033   -0.02      0.13     -0.036     0.23     -1.4       2.4     
   0.65      0.64      0.015     0.002    -0.014     0.09     -0.022     0.14     -0.97      1.5     
   0.18      0.17      0.0039    5.6e-05  -0.00041   0.024    -0.00055   0.032    -0.24      0.32    
   0.0006    0.00059   1e-05    -1.4e-06   1.2e-05   7.3e-05   1.5e-05   9.4e-05  -0.00077   0.001   
   1         0.97      0.043    -0.002    -0.016    -0.18     -0.021    -0.4      -1.9       4.2     
   0.95      0.93      0.034    -0.0026   -0.017    -0.16     -0.028    -0.32     -1.7       3.3     
   0.85      0.83      0.025    -0.0034   -0.02     -0.13     -0.036    -0.23     -1.4       2.4     
   0.65      0.64      0.015    -0.0021   -0.014    -0.092    -0.022    -0.14     -0.97      1.5     
   0.18      0.17      0.0041   -5.7e-05  -0.00041  -0.024    -0.00055  -0.033    -0.24      0.32    
   0.0006    0.00059   1.1e-05   1.5e-06   1.2e-05  -7.5e-05   1.5e-05  -9.7e-05  -0.00077   0.001   
   1.1e-05   8.3e-06   3.8e-06  -8.4e-07   1.4e-06   4.3e-06   1.7e-05   5.1e-05  -8.4e-05   0.001   
   0.064     0.065     0.0054    3.3e-05  -0.012     0.00017   0.046    -0.0007    0.25      0.99    
   0.061     0.062     0.0054    3.3e-05  -0.011     0.00017   0.045    -0.00067   0.23      0.93    
   6.5e-05   7.1e-05   7e-06     9.9e-08  -2e-05     3.2e-07   7.7e-05  -1.3e-06   0.00025   0.001   
   0.39      0.065     0.33     -0.0088   -0.0041   -0.13      0.026     0.86      0.41      2.6     
   0.38      0.062     0.32     -0.0086   -0.0039   -0.13      0.025     0.84      0.39      2.5     
   0.32      0.039     0.28     -0.0073   -0.0029   -0.1       0.019     0.65      0.24      1.6     
   0.3       0.035     0.27     -0.0067   -0.0026   -0.093     0.017     0.6       0.22      1.4     
   0.18      0.016     0.17     -0.0021   -0.00064  -0.051     0.0041    0.33      0.1       0.65    
   0.16      0.014     0.15     -0.0018   -0.00054  -0.046     0.0034    0.29      0.09      0.58    
   0.049     0.0043    0.044    -0.00057  -0.00018  -0.014     0.001     0.081     0.025     0.15    
   0.4       0.066     0.33      0.011    -0.0048    0.14      0.031    -0.87      0.41      2.6     
   0.39      0.063     0.33      0.011    -0.0046    0.13      0.029    -0.85      0.39      2.5     
   0.33      0.04      0.29      0.0095   -0.0036    0.1       0.023    -0.66      0.25      1.6     
   0.31      0.035     0.27      0.0089   -0.0033    0.095     0.021    -0.61      0.22      1.4     
   0.19      0.017     0.17      0.004    -0.0012    0.052     0.008    -0.33      0.1       0.66    
   0.17      0.015     0.16      0.0037   -0.0011    0.048     0.0072   -0.3       0.093     0.59    
   0.049     0.0043    0.045     0.00082  -0.00025   0.014     0.0015   -0.081     0.025     0.15    

QM
   90      
   0         90      
   0         0         90      
   0        -12        0.11      5.2     
   12        0         0.57      0.0026    4.4     
  -0.11     -0.57      0         0.049    -0.01      1       
  -0.013    -0.099     0        -0.043     0.0012    0.089     0.089   
  -0.96      0.021     0.045     0.013     0.42      0.089     0.089     0.33    
   0         0.87     -0.0032    0.4      -0.00011  -0.016    -0.016     0.0067    0.31    
   0.0032   -0.056     0        -0.024    -0.0014    0.0033    0.0033   -0.0026   -0.018     0.0037  
  -0.28      0        -0.0086   -0.00085   0.16      0.027     0.027     0.13     -2.7e-05  -0.00031   0.067   
  -0.018     0        -0.006    -0.00062   0.011     0.0018    0.0018    0.0093   -3.9e-05   0.00011   0.0059    0.0019  
  -0.95     -0.02      0.043    -0.013     0.42     -0.088    -0.088                                                       0.33    
   0         0.87      0.0032    0.4       0.00011  -0.016    -0.016                                                      -0.0067    0.31    
  -0.0032   -0.056     0        -0.024     0.0014    0.0033    0.0033                                                      0.0026   -0.018     0.0037  
  -0.28      0        -0.0086    0.00085   0.16     -0.027    -0.027                                                       0.13      2.7e-05   0.00031   0.067   
  -0.018     0        -0.006     0.00062   0.011    -0.0018   -0.0018                                                      0.0093    3.9e-05  -0.00011   0.0059    0.0019  
  -0.00058   0.036     0        -0.014    -0.00022   0.0047                                                                                                                  0.0046  
   0.025     0        -0.027    -1.5e-05   0.012    -1.4e-05                                                                                                                -1.4e-05   0.0029  
  -0.049     0.001    -0.0096   -0.0036   -0.013     0.021                                                                                                                                       0.0028  
   0         0.00058   0.46      0.2      -0.0019    5.8e-06                                                                                                                                    -0.0019    0.13    
  -0.00081   0        -0.0088   -0.0032    0.00066   0.00014                                                                                                                                     0.0009   -0.0018    0.0009  
  -0.13     -0.017     0         0.005    -0.038     0.065                                                                                                                                       0.0046   -2.4e-06  -0.00012   0.021   
   0.0003    0         0.0015    0.00077   0.0004   -0.00024                                                                                                                                     0.00029   0.00054   0.00031  -0.00014   0.00032 
   0        -0.00018   0.024     0.013     1.2e-06  -2.9e-06                                                                                                                                     8.5e-07   0.0095    1.2e-06   3.6e-07   5.6e-05   0.002   
   0        -0.002     0.006     0.004    -4.4e-06  -1.5e-06                                                                                                                                    -4.5e-06   0.0025   -4.4e-06   3.4e-05   9.4e-06   0.00063   0.0004  
  -0.047    -0.0014   -0.014     0.0058   -0.012    -0.02                                                                                                                                                                                                              0.0028  
   0        -0.0014   -0.46      0.2       0.0033   -4.5e-06                                                                                                                                                                                                           0.0033    0.13    
   0.0013    0        -0.013     0.0053    0.0013    0.00057                                                                                                                                                                                                           0.00088   0.0033    0.00092 
   0.13     -0.013     0         0.0038    0.039     0.066                                                                                                                                                                                                            -0.0046    1.2e-05   0.00015   0.021   
   0.00027   0        -0.0012    0.00058   0.0004    0.00023                                                                                                                                                                                                           0.0003    0.0004    0.00032   0.00014   0.00031 
   0        -0.00018  -0.024     0.013     0.00013   4.3e-06                                                                                                                                                                                                           0.00013   0.0096    0.00013   7.6e-06   3e-05     0.002   
   0        -0.002    -0.0059    0.004     2.2e-05  -7.5e-06                                                                                                                                                                                                           2.3e-05   0.0025    2.2e-05   2.8e-05  -1.3e-06   0.00062   0.0004  

QLD
     0:  19      
     0:  0.00068    1:  27      
     0: -0.021      1:  0.0056     2:  86      
     0:  0.0027     1: -4          2:  0.034      3:  3.5     
     0:  4.5        1: -0.0066     2:  0.18       3:  0.0013     4:  3.1     
     0: -0.24       1: -1.1        2:  0.0015     3:  0.22       4: -0.032      5:  0.44    
     0: -0.4        1:  0.15       2: -0.056      3: -0.17       4:  0.027      5:  1          6:  0.025   
     0: -5.1        1: -0.0079     2:  0.69       3:  0.065      4:  1.4        5:  0.48       6:  0.48       7:  0.08    
     0:  0.027      1:  2.7        2: -0.0041     3:  1.3        4: -0.0088     5:  0.0032     6:  0.0032     7: -0.0089     8:  0.22    
     0:  0.32       1: -15         2:  0.14       3: -6.5        4: -0.1        5:  0.94       6:  0.94       7: -0.48       8: -4.9        9:  0.0037  
     0: -4.7        1:  0          2:  0.21       3:  0.022      4:  2.5        5:  0.44       6:  0.44       7:  2          8:  0.0019     9: -0.014     10:  0.049   
     0: -9.5        1:  0          2: -3.2        3: -0.33       4:  6.1        5:  0.97       6:  0.97       7:  5          8: -0.021      9:  0.06      10:  3.1       11:  0.0019  
     0: -5          1:  0.024      2:  0.66       3: -0.061      4:  1.4        5: -0.47       6: -0.47      12:  0.079   
     0: -0.027      1:  2.7        2:  0.0041     3:  1.3        4:  0.0088     5:  0.0032     6:  0.0032    12:  0.0089    13:  0.22    
     0: -0.32       1: -15         2: -0.14       3: -6.5        4:  0.1        5:  0.94       6:  0.94      12:  0.48      13: -4.9       14:  0.0037  
     0: -4.7        1:  0          2:  0.21       3: -0.022      4:  2.5        5: -0.44       6: -0.44      12:  2         13: -0.0019    14:  0.014     15:  0.049   
     0: -9.5        1:  0          2: -3.2        3:  0.33       4:  6.1        5: -0.97       6: -0.97      12:  5         13:  0.021     14: -0.06      15:  3.1       16:  0.0019  
     0: -0.099      1:  7.9        2: -0.028      3: -3          4: -0.035      5:  1         17:  0.0046  
     0:  8.5        1:  0          2: -9.3        3: -0.0052     4:  4.2        5: -0.0048    17: -0.0048    18:  0.0029  
     0: -22         1:  5.5        2: -0.77       3: -1.7        4: -5.7        5:  7         19:  0.00087 
     0: -0.037      1: -0.041      2:  4.3        3:  1.7        4: -0.011      5:  0.011     19:  6.4e-05   20:  0.071   
     0: -1.7        1:  0.073      2: -16         3: -6.1        4:  0.51       5:  0.55      19:  1         20: -3.6       21:  0.00059 
     0: -6.2        1: -0.8        2:  0.029      3:  0.25       4: -1.8        5:  3.1       19:  0.22      20:  0.009     21:  0.00084   22:  0.021   
     0:  0.95       1: -0.24       2:  2.5        3:  1.2        4:  1.3        5: -0.77      19:  0.92      20:  0.79      21:  0.99      22: -0.44      23:  0.00032 
     0:  0          1:  2.9        2:  14         3:  6.9        4:  0.008      5: -0.0006    19:  0.0079    20:  5.6       21:  0.008     22: -0.053     23:  0.041     24:  0.001   
     0:  0          1: -5          2:  15         3:  10         4: -0.011      5: -0.0037    19: -0.011     20:  6.3       21: -0.011     22:  0.086     23:  0.023     24:  1.6       25:  0.0004  
     0: -22         1: -4.9        2: -0.79       3:  1.6        4: -5.7        5: -6.9       26:  0.00087 
     0: -0.05       1: -0.074      2: -4.3        3:  1.7        4: -0.014      5: -0.017     26:  0.0015    27:  0.069   
     0:  1.5        1: -0.072      2: -18         3:  6.8        4:  1.4        5:  0.49      26:  0.97      27:  4         28:  0.00059 
     0:  6.2        1: -0.6        2:  0.0097     3:  0.17       4:  1.8        5:  3.1       26: -0.22      27: -0.0028    28:  0.0007    29:  0.021   
     0:  0.88       1: -0.32       2: -2.3        3:  1.2        4:  1.3        5:  0.74      26:  0.94      27:  0.72      28:  1         29:  0.45      30:  0.00031 
     0:  0          1:  2.9        2: -15         3:  7          4:  0.09       5:  0.016     26:  0.088     27:  5.6       28:  0.09      29: -0.036     30:  0.031     31:  0.001   
     0:  0          1: -5          2: -15         3:  10         4:  0.056      5: -0.019     26:  0.058     27:  6.3       28:  0.056     29:  0.071     30: -0.0033    31:  1.6       32:  0.0004  

QLDIAGINV
   0.054   
   0.037   
   0.012   
   0.29    
   0.32    
   2.2     
   40      
   13      
   4.6     
   2.7e+02 
   21      
   5.3e+02 
   13      
   4.6     
   2.7e+02 
   21      
   5.3e+02 
   2.2e+02 
   3.4e+02 
   1.2e+03 
   14      
   1.7e+03 
   47      
   3.2e+03 
   1e+03   
   2.5e+03 
   1.2e+03 
   14      
   1.7e+03 
   47      
   3.2e+03 
   9.8e+02 
   2.5e+03 

B: body-dof matrix
-----------------------------------
 xxxxxxxxxxxxxxxxxxxxxxxxxxxxxxxxx |
 xxxxxxxxxxxxxxxxxxxxxxxxxxxxxxxxx |
 xxxxxxxxxxxxxxxxx                 |
 xxxxxxxxxxxx                      |
 xxxxxxxxxxxx                      |
 xxxxxxxxxxxx                      |
 xxxxxxxxxxxx                      |
 xxxxxxxxxxxx                      |
 xxxxxxxxxxxx                      |
 xxxxxxx     xxxxx                 |
 xxxxxxx     xxxxx                 |
 xxxxxxx     xxxxx                 |
 xxxxxxx     xxxxx                 |
 xxxxxxx     xxxxx                 |
 xxxxxxx     xxxxx                 |
 xxxxxx                            |
 xxxxxx           xx               |
 xxxxxx           xx               |
 xxxxxx           xx               |
 xxxxxx             xxxxxxx        |
 xxxxxx             xxxxxxx        |
 xxxxxx             xxxxxxx        |
 xxxxxx             xxxxxxx        |
 xxxxxx             xxxxxxx        |
 xxxxxx             xxxxxxx        |
 xxxxxx             xxxxxxx        |
 xxxxxx                    xxxxxxx |
 xxxxxx                    xxxxxxx |
 xxxxxx                    xxxxxxx |
 xxxxxx                    xxxxxxx |
 xxxxxx                    xxxxxxx |
 xxxxxx                    xxxxxxx |
 xxxxxx                    xxxxxxx |
-----------------------------------

B_rownnz              33 33 17 12 12 12 12 12 12 12 12 12 12 12 12 6 8 8 8 13 13 13 13 13 13 13 13 13 13 13 13 13 13

B_rowadr              0 33 66 83 95 107 119 131 143 155 167 179 191 203 215 227 233 241 249 257 270 283 296 309 322 335 348 361 374 387 400 413 426

B_colind              0 1 2 3 4 5 6 7 8 9 10 11 12 13 14 15 16 17 18 19 20 21 22 23 24 25 26 27 28 29 30 31 32 0 1 2 3 4 5 6 7 8 9 10 11 12 13 14 15 16 17 18 19 20 21 22 23 24 25 26 27 28 29 30 31 32 0 1 2 3 4 5 6 7 8 9 10 11 12 13 14 15 16 0 1 2 3 4 5 6 7 8 9 10 11 0 1 2 3 4 5 6 7 8 9 10 11 0 1 2 3 4 5 6 7 8 9 10 11 0 1 2 3 4 5 6 7 8 9 10 11 0 1 2 3 4 5 6 7 8 9 10 11 0 1 2 3 4 5 6 7 8 9 10 11 0 1 2 3 4 5 6 12 13 14 15 16 0 1 2 3 4 5 6 12 13 14 15 16 0 1 2 3 4 5 6 12 13 14 15 16 0 1 2 3 4 5 6 12 13 14 15 16 0 1 2 3 4 5 6 12 13 14 15 16 0 1 2 3 4 5 6 12 13 14 15 16 0 1 2 3 4 5 0 1 2 3 4 5 17 18 0 1 2 3 4 5 17 18 0 1 2 3 4 5 17 18 0 1 2 3 4 5 19 20 21 22 23 24 25 0 1 2 3 4 5 19 20 21 22 23 24 25 0 1 2 3 4 5 19 20 21 22 23 24 25 0 1 2 3 4 5 19 20 21 22 23 24 25 0 1 2 3 4 5 19 20 21 22 23 24 25 0 1 2 3 4 5 19 20 21 22 23 24 25 0 1 2 3 4 5 19 20 21 22 23 24 25 0 1 2 3 4 5 26 27 28 29 30 31 32 0 1 2 3 4 5 26 27 28 29 30 31 32 0 1 2 3 4 5 26 27 28 29 30 31 32 0 1 2 3 4 5 26 27 28 29 30 31 32 0 1 2 3 4 5 26 27 28 29 30 31 32 0 1 2 3 4 5 26 27 28 29 30 31 32 0 1 2 3 4 5 26 27 28 29 30 31 32

M: inertia matrix
-----------------------------------
 x                                 |
 xx                                |
 xxx                               |
 xxxx                              |
 xxxxx                             |
 xxxxxx                            |
 xxxxxxx                           |
 xxxxxxxx                          |
 xxxxxxxxx                         |
 xxxxxxxxxx                        |
 xxxxxxxxxxx                       |
 xxxxxxxxxxxx                      |
 xxxxxxx     x                     |
 xxxxxxx     xx                    |
 xxxxxxx     xxx                   |
 xxxxxxx     xxxx                  |
 xxxxxxx     xxxxx                 |
 xxxxxx           x                |
 xxxxxx           xx               |
 xxxxxx             x              |
 xxxxxx             xx             |
 xxxxxx             xxx            |
 xxxxxx             xxxx           |
 xxxxxx             xxxxx          |
 xxxxxx             xxxxxx         |
 xxxxxx             xxxxxxx        |
 xxxxxx                    x       |
 xxxxxx                    xx      |
 xxxxxx                    xxx     |
 xxxxxx                    xxxx    |
 xxxxxx                    xxxxx   |
 xxxxxx                    xxxxxx  |
 xxxxxx                    xxxxxxx |
-----------------------------------

M_rownnz              1 2 3 4 5 6 7 8 9 10 11 12 8 9 10 11 12 7 8 7 8 9 10 11 12 13 7 8 9 10 11 12 13

M_rowadr              0 1 3 6 10 15 21 28 36 45 55 66 78 86 95 105 116 128 135 143 150 158 167 177 188 200 213 220 228 237 247 258 270

M_colind              0 0 1 0 1 2 0 1 2 3 0 1 2 3 4 0 1 2 3 4 5 0 1 2 3 4 5 6 0 1 2 3 4 5 6 7 0 1 2 3 4 5 6 7 8 0 1 2 3 4 5 6 7 8 9 0 1 2 3 4 5 6 7 8 9 10 0 1 2 3 4 5 6 7 8 9 10 11 0 1 2 3 4 5 6 12 0 1 2 3 4 5 6 12 13 0 1 2 3 4 5 6 12 13 14 0 1 2 3 4 5 6 12 13 14 15 0 1 2 3 4 5 6 12 13 14 15 16 0 1 2 3 4 5 17 0 1 2 3 4 5 17 18 0 1 2 3 4 5 19 0 1 2 3 4 5 19 20 0 1 2 3 4 5 19 20 21 0 1 2 3 4 5 19 20 21 22 0 1 2 3 4 5 19 20 21 22 23 0 1 2 3 4 5 19 20 21 22 23 24 0 1 2 3 4 5 19 20 21 22 23 24 25 0 1 2 3 4 5 26 0 1 2 3 4 5 26 27 0 1 2 3 4 5 26 27 28 0 1 2 3 4 5 26 27 28 29 0 1 2 3 4 5 26 27 28 29 30 0 1 2 3 4 5 26 27 28 29 30 31 0 1 2 3 4 5 26 27 28 29 30 31 32

mapM2M                0 2 1 5 4 3 9 8 7 6 14 13 12 11 10 20 19 18 17 16 15 27 26 25 24 23 22 21 35 34 33 32 31 30 29 28 44 43 42 41 40 39 38 37 36 54 53 52 51 50 49 48 47 46 45 65 64 63 62 61 60 59 58 57 56 55 77 76 75 74 73 72 71 70 69 68 67 66 85 84 83 82 81 80 79 78 94 93 92 91 90 89 88 87 86 104 103 102 101 100 99 98 97 96 95 115 114 113 112 111 110 109 108 107 106 105 127 126 125 124 123 122 121 120 119 118 117 116 134 133 132 131 130 129 128 142 141 140 139 138 137 136 135 149 148 147 146 145 144 143 157 156 155 154 153 152 151 150 166 165 164 163 162 161 160 159 158 176 175 174 173 172 171 170 169 168 167 187 186 185 184 183 182 181 180 179 178 177 199 198 197 196 195 194 193 192 191 190 189 188 212 211 210 209 208 207 206 205 204 203 202 201 200 219 218 217 216 215 214 213 227 226 225 224 223 222 221 220 236 235 234 233 232 231 230 229 228 246 245 244 243 242 241 240 239 238 237 257 256 255 254 253 252 251 250 249 248 247 269 268 267 266 265 264 263 262 261 260 259 258 282 281 280 279 278 277 276 275 274 273 272 271 270

C: reduced dof-dof matrix
-----------------------------------
 x                                 |
 xx                                |
 xxx                               |
 xxxx                              |
 xxxxx                             |
 xxxxxx                            |
 xxxxxxx                           |
 xxxxxxxx                          |
 xxxxxxxxx                         |
 xxxxxxxxxx                        |
 xxxxxxxxxxx                       |
 xxxxxxxxxxxx                      |
 xxxxxxx     x                     |
 xxxxxxx     xx                    |
 xxxxxxx     xxx                   |
 xxxxxxx     xxxx                  |
 xxxxxxx     xxxxx                 |
 xxxxxx           x                |
 xxxxxx           xx               |
 xxxxxx             x              |
 xxxxxx             xx             |
 xxxxxx             xxx            |
 xxxxxx             xxxx           |
 xxxxxx             xxxxx          |
 xxxxxx             xxxxxx         |
 xxxxxx             xxxxxxx        |
 xxxxxx                    x       |
 xxxxxx                    xx      |
 xxxxxx                    xxx     |
 xxxxxx                    xxxx    |
 xxxxxx                    xxxxx   |
 xxxxxx                    xxxxxx  |
 xxxxxx                    xxxxxxx |
-----------------------------------

C_rownnz              1 2 3 4 5 6 7 8 9 10 11 12 8 9 10 11 12 7 8 7 8 9 10 11 12 13 7 8 9 10 11 12 13

C_rowadr              0 1 3 6 10 15 21 28 36 45 55 66 78 86 95 105 116 128 135 143 150 158 167 177 188 200 213 220 228 237 247 258 270

C_colind              0 0 1 0 1 2 0 1 2 3 0 1 2 3 4 0 1 2 3 4 5 0 1 2 3 4 5 6 0 1 2 3 4 5 6 7 0 1 2 3 4 5 6 7 8 0 1 2 3 4 5 6 7 8 9 0 1 2 3 4 5 6 7 8 9 10 0 1 2 3 4 5 6 7 8 9 10 11 0 1 2 3 4 5 6 12 0 1 2 3 4 5 6 12 13 0 1 2 3 4 5 6 12 13 14 0 1 2 3 4 5 6 12 13 14 15 0 1 2 3 4 5 6 12 13 14 15 16 0 1 2 3 4 5 17 0 1 2 3 4 5 17 18 0 1 2 3 4 5 19 0 1 2 3 4 5 19 20 0 1 2 3 4 5 19 20 21 0 1 2 3 4 5 19 20 21 22 0 1 2 3 4 5 19 20 21 22 23 0 1 2 3 4 5 19 20 21 22 23 24 0 1 2 3 4 5 19 20 21 22 23 24 25 0 1 2 3 4 5 26 0 1 2 3 4 5 26 27 0 1 2 3 4 5 26 27 28 0 1 2 3 4 5 26 27 28 29 0 1 2 3 4 5 26 27 28 29 30 0 1 2 3 4 5 26 27 28 29 30 31 0 1 2 3 4 5 26 27 28 29 30 31 32

mapM2C                0 2 1 5 4 3 9 8 7 6 14 13 12 11 10 20 19 18 17 16 15 27 26 25 24 23 22 21 35 34 33 32 31 30 29 28 44 43 42 41 40 39 38 37 36 54 53 52 51 50 49 48 47 46 45 65 64 63 62 61 60 59 58 57 56 55 77 76 75 74 73 72 71 70 69 68 67 66 85 84 83 82 81 80 79 78 94 93 92 91 90 89 88 87 86 104 103 102 101 100 99 98 97 96 95 115 114 113 112 111 110 109 108 107 106 105 127 126 125 124 123 122 121 120 119 118 117 116 134 133 132 131 130 129 128 142 141 140 139 138 137 136 135 149 148 147 146 145 144 143 157 156 155 154 153 152 151 150 166 165 164 163 162 161 160 159 158 176 175 174 173 172 171 170 169 168 167 187 186 185 184 183 182 181 180 179 178 177 199 198 197 196 195 194 193 192 191 190 189 188 212 211 210 209 208 207 206 205 204 203 202 201 200 219 218 217 216 215 214 213 227 226 225 224 223 222 221 220 236 235 234 233 232 231 230 229 228 246 245 244 243 242 241 240 239 238 237 257 256 255 254 253 252 251 250 249 248 247 269 268 267 266 265 264 263 262 261 260 259 258 282 281 280 279 278 277 276 275 274 273 272 271 270

D: dof-dof matrix
-----------------------------------
 Dxxxxxxxxxxxxxxxxxxxxxxxxxxxxxxxx |
 xDxxxxxxxxxxxxxxxxxxxxxxxxxxxxxxx |
 xxDxxxxxxxxxxxxxxxxxxxxxxxxxxxxxx |
 xxxDxxxxxxxxxxxxxxxxxxxxxxxxxxxxx |
 xxxxDxxxxxxxxxxxxxxxxxxxxxxxxxxxx |
 xxxxxDxxxxxxxxxxxxxxxxxxxxxxxxxxx |
 xxxxxxDxxxxxxxxxx                 |
 xxxxxxxDxxxx                      |
 xxxxxxxxDxxx                      |
 xxxxxxxxxDxx                      |
 xxxxxxxxxxDx                      |
 xxxxxxxxxxxD                      |
 xxxxxxx     Dxxxx                 |
 xxxxxxx     xDxxx                 |
 xxxxxxx     xxDxx                 |
 xxxxxxx     xxxDx                 |
 xxxxxxx     xxxxD                 |
 xxxxxx           Dx               |
 xxxxxx           xD               |
 xxxxxx             Dxxxxxx        |
 xxxxxx             xDxxxxx        |
 xxxxxx             xxDxxxx        |
 xxxxxx             xxxDxxx        |
 xxxxxx             xxxxDxx        |
 xxxxxx             xxxxxDx        |
 xxxxxx             xxxxxxD        |
 xxxxxx                    Dxxxxxx |
 xxxxxx                    xDxxxxx |
 xxxxxx                    xxDxxxx |
 xxxxxx                    xxxDxxx |
 xxxxxx                    xxxxDxx |
 xxxxxx                    xxxxxDx |
 xxxxxx                    xxxxxxD |
-----------------------------------

D_rownnz              33 33 33 33 33 33 17 12 12 12 12 12 12 12 12 12 12 8 8 13 13 13 13 13 13 13 13 13 13 13 13 13 13

D_rowadr              0 33 66 99 132 165 198 215 227 239 251 263 275 287 299 311 323 335 343 351 364 377 390 403 416 429 442 455 468 481 494 507 520

D_colind              0 1 2 3 4 5 6 7 8 9 10 11 12 13 14 15 16 17 18 19 20 21 22 23 24 25 26 27 28 29 30 31 32 0 1 2 3 4 5 6 7 8 9 10 11 12 13 14 15 16 17 18 19 20 21 22 23 24 25 26 27 28 29 30 31 32 0 1 2 3 4 5 6 7 8 9 10 11 12 13 14 15 16 17 18 19 20 21 22 23 24 25 26 27 28 29 30 31 32 0 1 2 3 4 5 6 7 8 9 10 11 12 13 14 15 16 17 18 19 20 21 22 23 24 25 26 27 28 29 30 31 32 0 1 2 3 4 5 6 7 8 9 10 11 12 13 14 15 16 17 18 19 20 21 22 23 24 25 26 27 28 29 30 31 32 0 1 2 3 4 5 6 7 8 9 10 11 12 13 14 15 16 17 18 19 20 21 22 23 24 25 26 27 28 29 30 31 32 0 1 2 3 4 5 6 7 8 9 10 11 12 13 14 15 16 0 1 2 3 4 5 6 7 8 9 10 11 0 1 2 3 4 5 6 7 8 9 10 11 0 1 2 3 4 5 6 7 8 9 10 11 0 1 2 3 4 5 6 7 8 9 10 11 0 1 2 3 4 5 6 7 8 9 10 11 0 1 2 3 4 5 6 12 13 14 15 16 0 1 2 3 4 5 6 12 13 14 15 16 0 1 2 3 4 5 6 12 13 14 15 16 0 1 2 3 4 5 6 12 13 14 15 16 0 1 2 3 4 5 6 12 13 14 15 16 0 1 2 3 4 5 17 18 0 1 2 3 4 5 17 18 0 1 2 3 4 5 19 20 21 22 23 24 25 0 1 2 3 4 5 19 20 21 22 23 24 25 0 1 2 3 4 5 19 20 21 22 23 24 25 0 1 2 3 4 5 19 20 21 22 23 24 25 0 1 2 3 4 5 19 20 21 22 23 24 25 0 1 2 3 4 5 19 20 21 22 23 24 25 0 1 2 3 4 5 19 20 21 22 23 24 25 0 1 2 3 4 5 26 27 28 29 30 31 32 0 1 2 3 4 5 26 27 28 29 30 31 32 0 1 2 3 4 5 26 27 28 29 30 31 32 0 1 2 3 4 5 26 27 28 29 30 31 32 0 1 2 3 4 5 26 27 28 29 30 31 32 0 1 2 3 4 5 26 27 28 29 30 31 32 0 1 2 3 4 5 26 27 28 29 30 31 32

mapM2D                0 2 5 9 14 20 27 35 44 54 65 77 85 94 104 115 127 134 142 149 157 166 176 187 199 212 219 227 236 246 257 269 282 2 1 4 8 13 19 26 34 43 53 64 76 84 93 103 114 126 133 141 148 156 165 175 186 198 211 218 226 235 245 256 268 281 5 4 3 7 12 18 25 33 42 52 63 75 83 92 102 113 125 132 140 147 155 164 174 185 197 210 217 225 234 244 255 267 280 9 8 7 6 11 17 24 32 41 51 62 74 82 91 101 112 124 131 139 146 154 163 173 184 196 209 216 224 233 243 254 266 279 14 13 12 11 10 16 23 31 40 50 61 73 81 90 100 111 123 130 138 145 153 162 172 183 195 208 215 223 232 242 253 265 278 20 19 18 17 16 15 22 30 39 49 60 72 80 89 99 110 122 129 137 144 152 161 171 182 194 207 214 222 231 241 252 264 277 27 26 25 24 23 22 21 29 38 48 59 71 79 88 98 109 121 35 34 33 32 31 30 29 28 37 47 58 70 44 43 42 41 40 39 38 37 36 46 57 69 54 53 52 51 50 49 48 47 46 45 56 68 65 64 63 62 61 60 59 58 57 56 55 67 77 76 75 74 73 72 71 70 69 68 67 66 85 84 83 82 81 80 79 78 87 97 108 120 94 93 92 91 90 89 88 87 86 96 107 119 104 103 102 101 100 99 98 97 96 95 106 118 115 114 113 112 111 110 109 108 107 106 105 117 127 126 125 124 123 122 121 120 119 118 117 116 134 133 132 131 130 129 128 136 142 141 140 139 138 137 136 135 149 148 147 146 145 144 143 151 160 170 181 193 206 157 156 155 154 153 152 151 150 159 169 180 192 205 166 165 164 163 162 161 160 159 158 168 179 191 204 176 175 174 173 172 171 170 169 168 167 178 190 203 187 186 185 184 183 182 181 180 179 178 177 189 202 199 198 197 196 195 194 193 192 191 190 189 188 201 212 211 210 209 208 207 206 205 204 203 202 201 200 219 218 217 216 215 214 213 221 230 240 251 263 276 227 226 225 224 223 222 221 220 229 239 250 262 275 236 235 234 233 232 231 230 229 228 238 249 261 274 246 245 244 243 242 241 240 239 238 237 248 260 273 257 256 255 254 253 252 251 250 249 248 247 259 272 269 268 267 266 265 264 263 262 261 260 259 258 271 282 281 280 279 278 277 276 275 274 273 272 271 270

mapD2M                0 34 33 68 67 66 102 101 100 99 136 135 134 133 132 170 169 168 167 166 165 204 203 202 201 200 199 198 222 221 220 219 218 217 216 215 235 234 233 232 231 230 229 228 227 248 247 246 245 244 243 242 241 240 239 261 260 259 258 257 256 255 254 253 252 251 274 273 272 271 270 269 268 267 266 265 264 263 282 281 280 279 278 277 276 275 295 294 293 292 291 290 289 288 287 308 307 306 305 304 303 302 301 300 299 321 320 319 318 317 316 315 314 313 312 311 334 333 332 331 330 329 328 327 326 325 324 323 341 340 339 338 337 336 335 350 349 348 347 346 345 344 343 357 356 355 354 353 352 351 371 370 369 368 367 366 365 364 385 384 383 382 381 380 379 378 377 399 398 397 396 395 394 393 392 391 390 413 412 411 410 409 408 407 406 405 404 403 427 426 425 424 423 422 421 420 419 418 417 416 441 440 439 438 437 436 435 434 433 432 431 430 429 448 447 446 445 444 443 442 462 461 460 459 458 457 456 455 476 475 474 473 472 471 470 469 468 490 489 488 487 486 485 484 483 482 481 504 503 502 501 500 499 498 497 496 495 494 518 517 516 515 514 513 512 511 510 509 508 507 532 531 530 529 528 527 526 525 524 523 522 521 520

CONTACT
ACTUATOR_VELOCITY
   0       
   0       
   0       
   0       
   0       
   0       
   0       
   0       
   0       
   0       
   0       
   0       
   0       
   0       
   0       
   0       
   0       
   0       
   0       
   0       
   0       
   0       
   0       
   0       
   0       
   0       
   0       

CVEL
   0         0         0         0         0         0       
   0         0         0         0         0         0       
   0         0         0         0         0         0       
   0         0         0         0         0         0       
   0         0         0         0         0         0       
   0         0         0         0         0         0       
   0         0         0         0         0         0       
   0         0         0         0         0         0       
   0         0         0         0         0         0       
   0         0         0         0         0         0       
   0         0         0         0         0         0       
   0         0         0         0         0         0       
   0         0         0         0         0         0       
   0         0         0         0         0         0       
   0         0         0         0         0         0       
   0         0         0         0         0         0       
   0         0         0         0         0         0       
   0         0         0         0         0         0       
   0         0         0         0         0         0       
   0         0         0         0         0         0       
   0         0         0         0         0         0       
   0         0         0         0         0         0       
   0         0         0         0         0         0       
   0         0         0         0         0         0       
   0         0         0         0         0         0       
   0         0         0         0         0         0       
   0         0         0         0         0         0       
   0         0         0         0         0         0       
   0         0         0         0         0         0       
   0         0         0         0         0         0       
   0         0         0         0         0         0       
   0         0         0         0         0         0       
   0         0         0         0         0         0       

CDOF_DOT
   0         0         0         0         0         0       
   0         0         0         0         0         0       
   0         0         0         0         0         0       
   0         0         0         0         0         0       
   0         0         0         0         0         0       
   0         0         0         0         0         0       
   0         0         0         0         0         0       
  -0         0         0         0         0         0       
   0         0         0         0         0         0       
   0         0         0         0         0         0       
   0         0         0         0         0         0       
   0         0         0         0         0         0       
   0         0         0         0         0         0       
   0         0         0         0         0         0       
   0         0         0         0         0         0       
   0         0         0         0         0         0       
   0         0         0         0         0         0       
   0         0         0         0         0         0       
   0         0         0         0         0         0       
   0         0         0         0         0         0       
   0         0         0         0         0         0       
   0         0         0         0         0         0       
   0         0         0         0         0         0       
   0         0         0         0         0         0       
   0         0         0         0         0         0       
   0         0         0         0         0         0       
  -0         0         0         0         0         0       
   0         0         0         0         0         0       
   0         0         0         0         0         0       
   0         0         0         0         0         0       
   0         0         0         0         0         0       
   0         0         0         0         0         0       
   0         0         0         0         0         0       

QFRC_BIAS
   0       
   0       
   8.8e+02 
   1.1     
   5.6     
   0       
   0       
   0.45    
  -0.032   
   0       
  -0.084   
  -0.059   
   0.42    
   0.032   
   0       
  -0.084   
  -0.059   
   0       
  -0.27    
  -0.094   
   4.5     
  -0.086   
   0       
   0.015   
   0.23    
   0.059   
  -0.14    
  -4.5     
  -0.13    
   0       
  -0.011   
  -0.24    
  -0.058   

QFRC_SPRING
   0       
   0       
   0       
   0       
   0       
   0       
   0       
   0       
   0       
   0       
   0       
   0       
   0       
   0       
   0       
   0       
   0       
   0       
   0       
   0       
   0       
   0       
   0       
   0       
   0       
   0       
   0       
   0       
   0       
   0       
   0       
   0       
   0       

QFRC_DAMPER
   0       
   0       
   0       
   0       
   0       
   0       
   0       
   0       
   0       
   0       
   0       
   0       
   0       
   0       
   0       
   0       
   0       
   0       
   0       
   0       
   0       
   0       
   0       
   0       
   0       
   0       
   0       
   0       
   0       
   0       
   0       
   0       
   0       

QFRC_GRAVCOMP
   0       
   0       
   0       
   0       
   0       
   0       
   0       
   0       
   0       
   0       
   0       
   0       
   0       
   0       
   0       
   0       
   0       
   0       
   0       
   0       
   0       
   0       
   0       
   0       
   0       
   0       
   0       
   0       
   0       
   0       
   0       
   0       
   0       

QFRC_FLUID
   0       
   0       
   0       
   0       
   0       
   0       
   0       
   0       
   0       
   0       
   0       
   0       
   0       
   0       
   0       
   0       
   0       
   0       
   0       
   0       
   0       
   0       
   0       
   0       
   0       
   0       
   0       
   0       
   0       
   0       
   0       
   0       
   0       

QFRC_PASSIVE
   0       
   0       
   0       
   0       
   0       
   0       
   0       
   0       
   0       
   0       
   0       
   0       
   0       
   0       
   0       
   0       
   0       
   0       
   0       
   0       
   0       
   0       
   0       
   0       
   0       
   0       
   0       
   0       
   0       
   0       
   0       
   0       
   0       

SUBTREE_LINVEL
   0         0         0       
   0         0         0       
   0         0         0       
   0         0         0       
   0         0         0       
   0         0         0       
   0         0         0       
   0         0         0       
   0         0         0       
   0         0         0       
   0         0         0       
   0         0         0       
   0         0         0       
   0         0         0       
   0         0         0       
   0         0         0       
   0         0         0       
   0         0         0       
   0         0         0       
   0         0         0       
   0         0         0       
   0         0         0       
   0         0         0       
   0         0         0       
   0         0         0       
   0         0         0       
   0         0         0       
   0         0         0       
   0         0         0       
   0         0         0       
   0         0         0       
   0         0         0       
   0         0         0       

SUBTREE_ANGMOM
   0         0         0       
   0         0         0       
   0         0         0       
   0         0         0       
   0         0         0       
   0         0         0       
   0         0         0       
   0         0         0       
   0         0         0       
   0         0         0       
   0         0         0       
   0         0         0       
   0         0         0       
   0         0         0       
   0         0         0       
   0         0         0       
   0         0         0       
   0         0         0       
   0         0         0       
   0         0         0       
   0         0         0       
   0         0         0       
   0         0         0       
   0         0         0       
   0         0         0       
   0         0         0       
   0         0         0       
   0         0         0       
   0         0         0       
   0         0         0       
   0         0         0       
   0         0         0       
   0         0         0       

ACTUATOR_FORCE
   0       
   0       
   0       
   0       
   0       
   0       
   0       
   0       
   0       
   0       
   0       
   0       
   0       
   0       
   0       
   0       
   0       
   0       
   0       
   0       
   0       
   0       
   0       
   0       
   0       
   0       
   0       

QFRC_ACTUATOR
   0       
   0       
   0       
   0       
   0       
   0       
   0       
   0       
   0       
   0       
   0       
   0       
   0       
   0       
   0       
   0       
   0       
   0       
   0       
   0       
   0       
   0       
   0       
   0       
   0       
   0       
   0       
   0       
   0       
   0       
   0       
   0       
   0       

QFRC_SMOOTH
   0       
   0       
  -8.8e+02 
  -1.1     
  -5.6     
   0       
   0       
  -0.45    
   0.032   
   0       
   0.084   
   0.059   
  -0.42    
  -0.032   
   0       
   0.084   
   0.059   
   0       
   0.27    
   0.094   
  -4.5     
   0.086   
   0       
  -0.015   
  -0.23    
  -0.059   
   0.14    
   4.5     
   0.13    
   0       
   0.011   
   0.24    
   0.058   

QACC_SMOOTH
   1.1e-15 
   4.6e-16 
  -9.8     
   2.8e-15 
  -7.3e-15 
  -1.5e-15 
   3.3e-15 
   1.1e-14 
  -5.7e-15 
  -1.6e-15 
  -4.4e-16 
   3.2e-14 
   1.2e-14 
  -3.6e-15 
   2e-15   
   8.9e-16 
   2.5e-14 
   6.4e-15 
   1.1e-13 
   9e-14   
  -3.6e-14 
  -8.5e-14 
  -2.2e-14 
   7.1e-14 
  -2.6e-13 
   7.4e-13 
  -2.8e-14 
  -4.3e-14 
   2.8e-13 
   5e-15   
  -2.3e-13 
   9.4e-13 
  -1.1e-12 

QFRC_CONSTRAINT
   0       
   0       
   0       
   0       
   0       
   0       
   0       
   0       
   0       
   0       
   0       
   0       
   0       
   0       
   0       
   0       
   0       
   0       
   0       
   0       
   0       
   0       
   0       
   0       
   0       
   0       
   0       
   0       
   0       
   0       
   0       
   0       
   0       

QFRC_INVERSE
   0       
   0       
   0       
   0       
   0       
   0       
   0       
   0       
   0       
   0       
   0       
   0       
   0       
   0       
   0       
   0       
   0       
   0       
   0       
   0       
   0       
   0       
   0       
   0       
   0       
   0       
   0       
   0       
   0       
   0       
   0       
   0       
   0       

CACC
   0         0         0         0         0         0       
   0         0         0         0         0         0       
   0         0         0         0         0         0       
   0         0         0         0         0         0       
   0         0         0         0         0         0       
   0         0         0         0         0         0       
   0         0         0         0         0         0       
   0         0         0         0         0         0       
   0         0         0         0         0         0       
   0         0         0         0         0         0       
   0         0         0         0         0         0       
   0         0         0         0         0         0       
   0         0         0         0         0         0       
   0         0         0         0         0         0       
   0         0         0         0         0         0       
   0         0         0         0         0         0       
   0         0         0         0         0         0       
   0         0         0         0         0         0       
   0         0         0         0         0         0       
   0         0         0         0         0         0       
   0         0         0         0         0         0       
   0         0         0         0         0         0       
   0         0         0         0         0         0       
   0         0         0         0         0         0       
   0         0         0         0         0         0       
   0         0         0         0         0         0       
   0         0         0         0         0         0       
   0         0         0         0         0         0       
   0         0         0         0         0         0       
   0         0         0         0         0         0       
   0         0         0         0         0         0       
   0         0         0         0         0         0       
   0         0         0         0         0         0       

CFRC_INT
   0         0         0         0         0         0       
   0         0         0         0         0         0       
   0         0         0         0         0         0       
   0         0         0         0         0         0       
   0         0         0         0         0         0       
   0         0         0         0         0         0       
   0         0         0         0         0         0       
   0         0         0         0         0         0       
   0         0         0         0         0         0       
   0         0         0         0         0         0       
   0         0         0         0         0         0       
   0         0         0         0         0         0       
   0         0         0         0         0         0       
   0         0         0         0         0         0       
   0         0         0         0         0         0       
   0         0         0         0         0         0       
   0         0         0         0         0         0       
   0         0         0         0         0         0       
   0         0         0         0         0         0       
   0         0         0         0         0         0       
   0         0         0         0         0         0       
   0         0         0         0         0         0       
   0         0         0         0         0         0       
   0         0         0         0         0         0       
   0         0         0         0         0         0       
   0         0         0         0         0         0       
   0         0         0         0         0         0       
   0         0         0         0         0         0       
   0         0         0         0         0         0       
   0         0         0         0         0         0       
   0         0         0         0         0         0       
   0         0         0         0         0         0       
   0         0         0         0         0         0       

CFRC_EXT
   0         0         0         0         0         0       
   0         0         0         0         0         0       
   0         0         0         0         0         0       
   0         0         0         0         0         0       
   0         0         0         0         0         0       
   0         0         0         0         0         0       
   0         0         0         0         0         0       
   0         0         0         0         0         0       
   0         0         0         0         0         0       
   0         0         0         0         0         0       
   0         0         0         0         0         0       
   0         0         0         0         0         0       
   0         0         0         0         0         0       
   0         0         0         0         0         0       
   0         0         0         0         0         0       
   0         0         0         0         0         0       
   0         0         0         0         0         0       
   0         0         0         0         0         0       
   0         0         0         0         0         0       
   0         0         0         0         0         0       
   0         0         0         0         0         0       
   0         0         0         0         0         0       
   0         0         0         0         0         0       
   0         0         0         0         0         0       
   0         0         0         0         0         0       
   0         0         0         0         0         0       
   0         0         0         0         0         0       
   0         0         0         0         0         0       
   0         0         0         0         0         0       
   0         0         0         0         0         0       
   0         0         0         0         0         0       
   0         0         0         0         0         0       
   0         0         0         0         0         0       

